{'z_re_min': 0.0,
'z_re_max': 3.0,
'z_im_min': -0.7000756048387098,
'z_im_max': 0.5,
'eis_f_min': 0.01,
'eis_f_max': 1000000.0,
'drt_g_min': 0.0,
'drt_g_max': 1.0,
'drt_t_min': 9.94718394324346e-09,
'drt_t_max': 99.47183943243459,
'res_min': -5.0,
'res_max': 5.0,
'enable_ranges': False}